% 7.ael - 实数边界值
% 目的：0.0, -0.0, 1e10, 1e-10
a = 0.0;
b = -0.0;
c = 1e10;
d = 1e-10;
