% 8.ael - 实数与整数混合比较
% 目的：2 > 1.5, 2.0 < 3, 2.0 == 2
a = 2 > 1.5;
b = 2.0 < 3;
c = 2.0 == 2;
