a =2 *3 ;
b =10 /3 ;
c =mod(10 ,3 );
d =1 + 2 *3 ;