function f_14_nxm_pattern()

    a =[];

end
function test_nxm_pattern()
    a ={{0.0005 ,0 },{0.0015 ,0 },{0.0015 ,0.0005 },{0.0005 ,0.0005 },{0.0005 ,0 }};
end