a =2 >1 &&3 >4 ;
b =2 >1 ||3 >4 ;
c =~2 >1 ;