a =2 >1.5 ;
b =2.0 <3 ;
c =2.0 ==2 ;