a =1.0 + 2 *i *2 ;