a =0.0 ;
b =-0.0 ;
c =1e10 ;
d =1e-10 ;