function f_03_defun_32_params()

    sink =0 ;
    sum32(1 ,1 ,1 ,1 ,1 ,1 ,1 ,1 ,1 ,1 ,1 ,1 ,1 ,1 ,1 ,1 ,1 ,1 ,1 ,1 ,1 ,1 ,1 ,1 ,1 ,1 ,1 ,1 ,1 ,1 ,1 ,1 );

end
function out =sum32(p01 ,p02 ,p03 ,p04 ,p05 ,p06 ,p07 ,p08 ,p09 ,p10 ,p11 ,p12 ,p13 ,p14 ,p15 ,p16 ,p17 ,p18 ,p19 ,p20 ,p21 ,p22 ,p23 ,p24 ,p25 ,p26 ,p27 ,p28 ,p29 ,p30 ,p31 ,p32 )
    sink =p01 + p02 + p03 + p04 + p05 + p06 + p07 + p08 + p09 + p10 + p11 + p12 + p13 + p14 + p15 + p16 + p17 + p18 + p19 + p20 + p21 + p22 + p23 + p24 + p25 + p26 + p27 + p28 + p29 + p30 + p31 + p32 ;
    out =sink ;
    return ;
end